1.88 -1.51 -0.167 -3.33 -0.503 -1.45
1.88 -1.51 -0.167 -3.33 -0.503 -1.49
1.88 -1.32 -1.1 -0.88 -0.503 -1.49
1.88 -1.32 -1.1 -0.51 -0.503 -1.49
1.88 -1.32 -1.1 -0.377 -0.503 -1.49
1.88 -0.942 -1.1 -0.377 1.76 -1.51
1.95 -0.942 -1.1 -0.377 1.76 -1.51
2.06 -0.942 -1.1 -0.377 1.76 -1.51
2.06 -0.942 -1.1 -0.377 1.76 -1.51
2.06 -0.942 -1.1 -0.377 1.51 -1.51
2.06 -0.942 -1.29 -0.377 1.51 -1.51
2.06 -0.542 -1.29 -0.377 1.51 -1.51
2.06 -0.942 -1.29 -0.377 1.51 -1.51
2.06 -1.242 -1.29 -0.377 1.51 -1.51
2.06 -1.642 -1.29 -0.377 1.51 -1.51
2.06 -1.942 -1.29 -0.377 1.51 -1.51
2.06 -2.342 -1.29 -0.377 1.51 -1.51
2.06 -2.543 -1.29 -0.377 1.51 -1.51
2.06 -2.68 -1.29 -0.377 1.51 -1.51
2.06 -2.69 -1.29 -0.377 1.51 -1.51
