0.000 0.000 0.000 0.000 0.000 0.000 0.000
-0.040 -0.046 0.103 0.198 -0.069 0.000 0.000
-0.079 -0.093 0.205 0.397 -0.139 0.000 0.000
-0.119 -0.139 0.308 0.595 -0.208 0.000 0.000
-0.159 -0.185 0.411 0.794 -0.278 0.000 0.000
-0.198 -0.232 0.513 0.992 -0.347 0.000 0.000
-0.238 -0.278 0.616 1.191 -0.417 0.000 0.000
-0.278 -0.324 0.718 1.389 -0.486 0.000 0.000
-0.317 -0.371 0.821 1.587 -0.556 0.000 0.000
-0.357 -0.417 0.924 1.786 -0.625 0.000 0.000
-0.397 -0.463 1.026 1.984 -0.695 0.000 0.000
-0.437 -0.509 1.129 2.182 -0.764 0.000 0.000
-0.476 -0.556 1.232 2.381 -0.834 0.000 0.000
-0.516 -0.602 1.334 2.579 -0.903 0.000 0.000
-0.556 -0.648 1.437 2.778 -0.973 0.000 0.000
-0.595 -0.695 1.539 2.976 -1.042 0.000 0.000
-0.635 -0.741 1.642 3.174 -1.112 0.000 0.000
-0.675 -0.787 1.745 3.373 -1.181 0.000 0.000
-0.714 -0.834 1.847 3.571 -1.251 0.000 0.000
-0.754 -0.880 1.950 3.770 -1.320 0.000 0.000
