SIZES
  narena                13631488
  nbuffer               266352
  nplugin               0
  maxuse_stack          2284
  maxuse_arena          31200
  maxuse_con            4
  maxuse_efc            0
  solver_nisland        0
  ne                    0
  nf                    0
  nl                    0
  nefc                  0
  nnzJ                  0
  ncon                  4
  nisland               0
  threadpool            0

TIMER
    0:  duration =  0          number = 0
    1:  duration =  0.71       number = 15
    2:  duration =  0          number = 0
    3:  duration =  0.62       number = 15
    4:  duration =  0.04       number = 15
    5:  duration =  0.012      number = 15
    6:  duration =  0.0019     number = 15
    7:  duration =  0          number = 0
    8:  duration =  0.12       number = 15
    9:  duration =  0.026      number = 15
    10:  duration =  0.44       number = 15
    11:  duration =  0.028      number = 15
    12:  duration =  0.0018     number = 15
    13:  duration =  0.16       number = 15
    14:  duration =  0.15       number = 15

ENERGY =   0         0       

TIME =  4.4     

QPOS
  -1.6     
  -1.6     
   1.6     
  -1.6     
  -1.6     
  -4.2e-08 
  -2.8e-10 

QVEL
   8.8e-13 
   7.9e-12 
   7.2e-12 
   1.8e-12 
  -5.4e-14 
  -7.8e-16 
   3.3e-11 

QACC_WARMSTART
  -9.7e-12 
  -4.6e-11 
  -7.2e-11 
   3.3e-13 
   7.6e-13 
   4.5e-15 
  -3.3e-12 

CTRL
  -1.6     
  -1.6     
   1.6     
  -1.6     
  -1.6     
   0       
   0       

QFRC_APPLIED
   0       
   0       
   0       
   0       
   0       
   0       
   0       

XFRC_APPLIED
   0         0         0         0         0         0       
   0         0         0         0         0         0       
   0         0         0         0         0         0       
   0         0         0         0         0         0       
   0         0         0         0         0         0       
   0         0         0         0         0         0       
   0         0         0         0         0         0       
   0         0         0         0         0         0       
   0         0         0         0         0         0       
   0         0         0         0         0         0       
   0         0         0         0         0         0       
   0         0         0         0         0         0       
   0         0         0         0         0         0       
   0         0         0         0         0         0       
   0         0         0         0         0         0       
   0         0         0         0         0         0       
   0         0         0         0         0         0       

MOCAP_POS
   1         0.5       0.01    

MOCAP_QUAT
   1         0         0         0       

QACC
  -9.7e-12 
  -4.6e-11 
  -7.2e-11 
   3.3e-13 
   7.6e-13 
   4.5e-15 
  -3.3e-12 

SENSOR
  -1.6     
  -1.6     
   1.6     
  -1.6     
  -1.6     
  -4.2e-08 
   8.8e-13 
   7.9e-12 
   7.2e-12 
   1.8e-12 
  -5.4e-14 
  -7.8e-16 

XPOS
   0         0         0       
   0.8       0         0       
   0.8       0         0.16    
   0.8       0.14      0.16    
   0.8       0.007     0.59    
   1.2       0.007     0.58    
   1.2       0.13      0.58    
   1.3       0.13      0.58    
   1.3       0.13      0.46    
   1         0.5       0.01    
  -0.15     -0.3       0       
  -0.15     -0.3       0.01    
  -0.15     -0.3       0.01    
  -0.15     -0.3       0.11    
  -0.15     -0.3       0.01    
  -0.15      0.5       0.11    
  -0.15     -0.3       0.01    

XQUAT
   1         0         0         0       
   0.71      0         0         0.71    
   1         0         0        -1.8e-06 
   1         7.5e-09   0.0041   -1.8e-06 
   0.7       1.3e-06   0.71     -1.3e-06 
   0.7       1.3e-06   0.71     -1.3e-06 
   0.5      -0.5       0.5      -0.5     
   0.5      -0.5       0.5      -0.5     
   0.71     -0.0068    0.0068   -0.71    
   1         0         0         0       
   0.71      0         0         0.71    
   0.71      0         0         0.71    
   0.71      0         0         0.71    
   0.71      0         0         0.71    
   0.71      0         0         0.71    
   0.71      0         0         0.71    
   0.71      0         0         0.71    

XMAT
   1         0         0         0         1         0         0         0         1       
   0        -1         0         1         0         0         0         0         1       
   1         3.7e-06   0        -3.7e-06   1        -0        -0         0         1       
   1         3.7e-06   0.0082   -3.7e-06   1        -3e-08    -0.0082    2.2e-22   1       
  -0.016     3.7e-06   1         6e-08     1        -3.7e-06  -1         2.1e-22  -0.016   
  -0.019     3.7e-06   1         7e-08     1        -3.7e-06  -1         2.1e-22  -0.019   
  -3.6e-06  -0.019     1        -1        -1.4e-06  -3.7e-06   1.5e-06  -1        -0.019   
  -3.6e-06  -0.019     1        -1        -1.4e-06  -3.6e-06   1.5e-06  -1        -0.019   
  -3.6e-06   1         0.019    -1        -3.6e-06   1.4e-06   1.5e-06  -0.019     1       
   1         0         0         0         1         0         0         0         1       
   0        -1         0         1         0         0         0         0         1       
   0        -1         0         1         0         0         0         0         1       
   0        -1         0         1         0         0         0         0         1       
   0        -1         0         1         0         0         0         0         1       
   0        -1         0         1         0         0         0         0         1       
   0        -1         0         1         0         0         0         0         1       
   0        -1         0         1         0         0         0         0         1       

XIPOS
   0         0         0       
   0.8       0         0       
   0.8       0         0.16    
   0.8       0.14      0.38    
   1         0.007     0.58    
   1.2       0.13      0.58    
   1.3       0.13      0.58    
   1.3       0.13      0.5     
   1.3       0.13      0.46    
   1         0.5       0.01    
  -0.15     -0.3       0       
  -0.15     -0.3       0.01    
  -0.15     -0.3       0.01    
  -0.15     -0.3       0.11    
  -0.15     -0.3       0.01    
  -0.15      0.5       0.11    
  -0.15     -0.3       0.01    

XIMAT
   1         0         0         0         1         0         0         0         1       
   0        -1         0         1         0         0         0         0         1       
   1         3.7e-06   0        -3.7e-06   1        -0        -0         0         1       
   1         3.7e-06   0.0082   -3.7e-06   1        -3e-08    -0.0082    2.2e-22   1       
  -0.016     3.7e-06   1         6e-08     1        -3.7e-06  -1         2.1e-22  -0.016   
  -0.019     3.7e-06   1         7e-08     1        -3.7e-06  -1         2.1e-22  -0.019   
  -3.6e-06  -0.019     1        -1        -1.4e-06  -3.7e-06   1.5e-06  -1        -0.019   
  -0.019     3.6e-06   1        -1.4e-06   1        -3.6e-06  -1        -1.5e-06  -0.019   
   0.019     3.6e-06  -1         1.4e-06   1         3.6e-06   1        -1.5e-06   0.019   
   1         0         0         0         1         0         0         0         1       
   0        -1         0         1         0         0         0         0         1       
   0        -1         0         1         0         0         0         0         1       
   0        -1         0         1         0         0         0         0         1       
   0        -1         0         1         0         0         0         0         1       
   0        -1         0         1         0         0         0         0         1       
   0        -1         0         1         0         0         0         0         1       
   0        -1         0         1         0         0         0         0         1       

XANCHOR
   0.8       0         0.16    
   0.8       0.14      0.16    
   0.8       0.007     0.59    
   1.2       0.007     0.58    
   1.2       0.13      0.58    
   1.3       0.13      0.58    
   1.3       0.13      0.46    

XAXIS
   0         0         1       
   3.7e-06   1         0       
   3.7e-06   1         2.2e-22 
   3.7e-06   1         4.2e-22 
   1        -3.7e-06  -0.019   
  -0.019    -1.4e-06  -1       
   1        -3.6e-06  -0.019   

GEOM_XPOS
   0         0         0       
   0.8       6.7e-07   0.094   
   0.8       1.5e-07   0.031   
   0.8      -0.0084    0.21    
   0.8       0.069     0.16    
   0.8       0.00056   0.14    
   0.8       0         0.12    
   0.8       0.14      0.38    
   0.8       0.11      0.46    
   0.8       0.12      0.38    
   0.8       0.18      0.38    
   0.8       0.098     0.16    
   0.8       0.14      0.36    
   1.2      -0.033     0.58    
   1         0.0066    0.58    
   1.1       0.024     0.58    
   0.97      0.019     0.59    
   0.8       0.087     0.59    
   1         0.007     0.58    
   1.2       0.13      0.58    
   1.2       0.14      0.58    
   1.2       0.12      0.58    
   1.2       0.057     0.58    
   1.3       0.13      0.53    
   1.3       0.13      0.62    
   1.3       0.13      0.56    
   1.2       0.13      0.58    
   1.3       0.13      0.56    
   1.3       0.13      0.5     
   1.3       0.13      0.5     
   1.3       0.12      0.46    
   1.3       0.12      0.46    
   1.3       0.15      0.46    
   1.3       0.15      0.46    
   1         0.5       0.01    
  -0.15     -0.3       0.01    
  -0.15     -0.2       0.2     
  -0.15     -0.5       0.01    
  -0.45     -0.45      0.01    
  -0.15     -0.45      0.29    
  -0.15      0.2       0.01    
  -0.15      0.2       0.29    
  -0.45      0.2       0.01    

GEOM_XMAT
   1         0         0         0         1         0         0         0         1       
   2e-06     0.28      0.96     -1.1e-05  -0.96      0.28      1        -1.1e-05   1.1e-06 
   1.9e-05   0.79     -0.61      9.9e-06   0.61      0.79      1        -2.1e-05   3.7e-06 
   0.0014   -0.99     -0.16     -0.32      0.16     -0.93      0.95      0.055    -0.32    
  -6.2e-06  -0.99      0.17      1        -8.7e-06  -1.4e-05   1.6e-05   0.17      0.99    
  -0.002     0.053     1         0.74      0.68     -0.034    -0.68      0.74     -0.04    
   1         3.7e-06   0        -3.7e-06   1        -0        -0         0         1       
   0.94      0.35      0.0083   -0.35      0.94      0.00031  -0.0077   -0.0032    1       
   1         0.0019    0.0081   -0.00049   0.98     -0.18     -0.0083    0.18      0.98    
  -0.0017   -1         0.0082    1        -0.0018   -0.0094    0.0094    0.0082    1       
  -0.00047  -1         0.0082    1        -0.00047  -0.00033   0.00034   0.0082    1       
   1         0.0082   -3.7e-06  -3.7e-06  -3e-08    -1        -0.0082    1         1.7e-16 
   1         3.7e-06   0.0082   -3.7e-06   1        -3e-08    -0.0082    2.2e-22   1       
  -0.31      0.16      0.94      0.95      0.045     0.3       0.0053    0.99     -0.16    
  -0.0033    0.016     1         0.97      0.24     -0.00062  -0.24      0.97     -0.016   
  -0.017    -0.15      0.99      0.0049    0.99      0.15     -1         0.0073   -0.016   
  -0.02      0.016     1         1        -0.00077   0.02      0.0011    1        -0.016   
  -0.016     1        -3.7e-06   6e-08    -3.7e-06  -1        -1        -0.016    -5.6e-17 
  -0.016     3.7e-06   1         6e-08     1        -3.7e-06  -1         2.1e-22  -0.016   
   1        -0.0077   -0.018    -0.00016  -0.92      0.39     -0.019    -0.39     -0.92    
   0.95     -0.0039   -0.31     -0.3      -0.073    -0.95     -0.019     1        -0.071   
   0.86      0.018    -0.51     -0.51      0.00025  -0.86     -0.016     1         0.0097  
  -0.019     1        -3.7e-06   7e-08    -3.7e-06  -1        -1        -0.019     0       
  -0.019     0.18      0.98     -2.2e-05   0.98     -0.18     -1        -0.0034   -0.019   
  -0.32      0.11      0.94      0.00036   0.99     -0.11     -0.95     -0.035    -0.32    
   0.73     -0.00033  -0.68      5.8e-05   1        -0.00042   0.68      0.00027   0.73    
  -3.6e-06  -0.019     1        -1        -1.4e-06  -3.7e-06   1.5e-06  -1        -0.019   
  -3.6e-06   1         0.019    -1        -3.7e-06   1.4e-06   1.5e-06  -0.019     1       
  -0.024     0.22      0.97     -0.00048   0.97     -0.22     -1        -0.0059   -0.023   
  -3.6e-06  -0.019     1        -1        -1.4e-06  -3.6e-06   1.5e-06  -1        -0.019   
  -3.6e-06   1         0.019    -1        -3.6e-06   1.4e-06   1.5e-06  -0.019     1       
  -3.6e-06   1         0.019    -1        -3.6e-06   1.4e-06   1.5e-06  -0.019     1       
  -3.6e-06   1         0.019    -1        -3.6e-06   1.4e-06   1.5e-06  -0.019     1       
  -3.6e-06   1         0.019    -1        -3.6e-06   1.4e-06   1.5e-06  -0.019     1       
   1         0         0         0         1         0         0         0         1       
   0        -1         0         1         0         0         0         0         1       
   0        -1         0         1         0         0         0         0         1       
   0        -1         0         0         0         1        -1         0         0       
   0         0        -1        -1         0         0         0         1         0       
   0        -0.71      0.71      1         0         0         0         0.71      0.71    
   0        -1         0         0         0        -1         1         0         0       
   0        -0.71      0.71      1         0         0         0         0.71      0.71    
   0         0         1        -1         0         0         0        -1         0       

SITE_XPOS
   1.4       0.13      0.46    

SITE_XMAT
  -3.6e-06   1         0.019    -1        -3.6e-06   1.4e-06   1.5e-06  -0.019     1       

LIGHT_XPOS
   0        -1         2       
   0         0         1.5     

LIGHT_XDIR
   0.58      0.51     -0.64    
   0         0        -1       

SUBTREE_COM
   0.67      0.072     0.21    
   0.88      0.073     0.31    
   0.9       0.09      0.39    
   0.93      0.11      0.45    
   1.1       0.076     0.58    
   1.2       0.13      0.57    
   1.3       0.13      0.57    
   1.3       0.13      0.49    
   1.3       0.13      0.46    
   1         0.5       0.01    
  -0.15     -0.19      0.037   
  -0.15     -0.3       0.043   
  -0.15     -0.3       0.06    
  -0.15     -0.3       0.11    
  -0.15     -0.033     0.043   
  -0.15      0.5       0.11    
  -0.15     -0.3       0.01    

CDOF
   0         0         1        -0.073     0.08      0       
   3.7e-06   1         0         0.15     -5.6e-07  -0.08    
   3.7e-06   1         2.2e-22  -0.27      1e-06    -0.076   
   3.7e-06   1         4.2e-22  -0.27      9.8e-07   0.32    
   1        -3.7e-06  -0.019    -0.0012    0.27     -0.061   
  -0.019    -1.4e-06  -1        -0.061     0.41      0.0012  
   1        -3.6e-06  -0.019    -0.0011    0.15     -0.059   

CINERT
   0         0         0         0         0         0         0         0         0         0       
   0.42      0.43      0.054    -0.023    -0.1      -0.092    -0.32     -0.29     -1.3       4       
   0.11      0.12      0.05     -0.021    -0.045    -0.041    -0.29     -0.27     -0.56      3.7     
   0.2       0.22      0.1       0.043     0.039    -0.033    -0.65      0.55      0.51      8.4     
   0.18      0.23      0.074     0.018    -0.073     0.04      0.27     -0.15      0.61      2.3     
   0.094     0.21      0.13     -0.024    -0.1      -0.02      0.39      0.075     0.33      1.2     
   0.092     0.3       0.22     -0.031    -0.13     -0.02      0.51      0.075     0.32      1.2     
   0.0075    0.039     0.033    -0.0048   -0.015    -0.0022    0.078     0.012     0.036     0.19    
   0.0014    0.011     0.0099   -0.0014   -0.0034   -0.00049   0.023     0.0033    0.0082    0.057   
   0.032     0.17      0.2       0         0         0         0         0         0         4.2     
   0.015     0.0024    0.014    -3.2e-18  -1e-18    -0.0042   -2.8e-17  -0.11     -0.037     1       
   0.015     0.0017    0.014    -3.2e-18  -7.5e-19  -0.0031   -2.8e-17  -0.11     -0.027     1       
   0.015     0.0017    0.014    -3.2e-18  -7.5e-19  -0.0031   -2.8e-17  -0.11     -0.027     1       
   0.019     0.0063    0.014    -3.2e-18   2e-18     0.0083   -2.8e-17  -0.11      0.073     1       
   0.015     0.0017    0.014    -3.2e-18  -7.5e-19  -0.0031   -2.8e-17  -0.11     -0.027     1       
   0.48      0.0063    0.47      1.9e-17   2e-18    -0.05     -2.8e-17   0.69      0.073     1       
   0.015     0.0017    0.014    -3.2e-18  -7.5e-19  -0.0031   -2.8e-17  -0.11     -0.027     1       

ACTUATOR_LENGTH
  -1.6     
  -1.6     
   1.6     
  -1.6     
  -1.6     
  -4.2e-08 
   0       

ACTUATOR_MOMENT
   1         0         0         0         0         0         0       
   0         1         0         0         0         0         0       
   0         0         1         0         0         0         0       
   0         0         0         1         0         0         0       
   0         0         0         0         1         0         0       
   0         0         0         0         0         1         0       
  -0        -0        -0        -0        -0         1.3e-17   0.0001  

CRB
   0         0         0         0         0         0         0         0         0         0       
   1.1       1.6       0.67     -0.045    -0.43     -0.17     -4.4e-16   0         0         21      
   0.69      1.1       0.61     -0.022    -0.33     -0.076     0.32      0.29      1.3       17      
   0.58      1         0.57     -0.00018  -0.29     -0.035     0.61      0.56      1.8       13      
   0.38      0.79      0.46     -0.043    -0.33     -0.0018    1.3       0.014     1.3       5       
   0.2       0.56      0.39     -0.061    -0.26     -0.042     0.99      0.16      0.69      2.7     
   0.1       0.35      0.26     -0.037    -0.15     -0.022     0.61      0.089     0.37      1.5     
   0.0089    0.05      0.043    -0.0062   -0.018    -0.0027    0.1       0.015     0.044     0.25    
   0.0014    0.011     0.0099   -0.0014   -0.0034   -0.00049   0.023     0.0033    0.0082    0.057   
   0.032     0.17      0.2       0         0         0         0         0         0         4.2     
   0.57      0.022     0.56     -9.2e-33  -3.9e-34  -0.058    -1.9e-16  -3.3e-16  -1.4e-17   7       
   0.049     0.0098    0.042    -9.5e-18   5.2e-19   0.0021   -8.3e-17  -0.34      0.019     3       
   0.034     0.008     0.028    -6.3e-18   1.3e-18   0.0052   -5.6e-17  -0.23      0.046     2       
   0.019     0.0063    0.014    -3.2e-18   2e-18     0.0083   -2.8e-17  -0.11      0.073     1       
   0.51      0.0098    0.5       1.3e-17   5.2e-19  -0.056    -8.3e-17   0.46      0.019     3       
   0.48      0.0063    0.47      1.9e-17   2e-18    -0.05     -2.8e-17   0.69      0.073     1       
   0.015     0.0017    0.014    -3.2e-18  -7.5e-19  -0.0031   -2.8e-17  -0.11     -0.027     1       

QM
   1        -0.4       0.0056    0.0032    0.011    -0.00015  -3.4e-07 
  -0.4       2.1       0.65      0.069     5.5e-05  -3.5e-05   7.6e-13 
   0.0056    0.65      0.77      0.079     5.6e-05   1.3e-05   7.6e-13 
   0.0032    0.069     0.079     0.12      1.1e-05   1.4e-05   7.6e-13 
   0.011     5.5e-05   5.6e-05   1.1e-05   0.1      -5.8e-13   1.8e-05 
  -0.00015  -3.5e-05   1.3e-05   1.4e-05  -5.8e-13   0.1       5.5e-19 
  -3.4e-07   7.6e-13   7.6e-13   7.6e-13   1.8e-05   5.5e-19   0.1     

QLD
   0.9      -0.25      0.0048    0.026     0.1      -0.0015   -3.4e-06 
  -0.25      1.6       0.85      0.57      0.00053  -0.00035   7.6e-12 
   0.0048    0.85      0.72      0.65      0.00053   0.00013   7.6e-12 
   0.026     0.57      0.65      0.12      0.00011   0.00014   7.6e-12 
   0.1       0.00053   0.00053   0.00011   0.1      -5.8e-12   0.00018 
  -0.0015   -0.00035   0.00013   0.00014  -5.8e-12   0.1       5.5e-18 
  -3.4e-06   7.6e-12   7.6e-12   7.6e-12   0.00018   5.5e-18   0.1     

QLDIAGINV
   1.1     
   0.63    
   1.4     
   8.2     
   9.6     
   10      
   10      

QLDIAGSQRTINV
   1.1     
   0.79    
   1.2     
   2.9     
   3.1     
   3.2     
   3.2     

D_rownnz              7 7 7 7 7 7 7

D_rowadr              0 7 14 21 28 35 42

D_colind              0 1 2 3 4 5 6 0 1 2 3 4 5 6 0 1 2 3 4 5 6 0 1 2 3 4 5 6 0 1 2 3 4 5 6 0 1 2 3 4 5 6 0 1 2 3 4 5 6

B_rownnz              7 7 7 7 7 7 7 7 7 0 0 0 0 0 0 0 0

B_rowadr              0 7 14 21 28 35 42 49 56 63 63 63 63 63 63 63 63

B_colind              0 1 2 3 4 5 6 0 1 2 3 4 5 6 0 1 2 3 4 5 6 0 1 2 3 4 5 6 0 1 2 3 4 5 6 0 1 2 3 4 5 6 0 1 2 3 4 5 6 0 1 2 3 4 5 6 0 1 2 3 4 5 6

QDERIV
  -4e+02     0         0         0         0         0         0       
   0        -4e+02     0         0         0         0         0       
   0         0        -4e+02     0         0         0         0       
   0         0         0        -1e+02     0         0         0       
   0         0         0         0        -1e+02     0         0       
   0         0         0         0         0        -1e+02     0       
   0         0         0         0         0         0        -0.01    

QLU
   0         0         0         0         0         0         0       
   0         0         0         0         0         0         0       
   0         0         0         0         0         0         0       
   0         0         0         0         0         0         0       
   0         0         0         0         0         0         0       
   0         0         0         0         0         0         0       
   0         0         0         0         0         0         0       

CONTACT
  0:
     dim           3
     geoms         30 : 27
     exclude       1
     efc_address   -1
     solref         0.02      1       
     solimp         0.9       0.95      0.001     0.5       2       
     dist           0.0091  
     includemargin  0       
     pos            1.3       0.12      0.48    
     frame         -0.22      0.27      0.94      0.059     0.96     -0.26     -0.97      6.9e-18  -0.22    
     friction       1         1         0.005     0.0001    0.0001  
     mu             0       
  1:
     dim           3
     geoms         31 : 27
     exclude       1
     efc_address   -1
     solref         0.02      1       
     solimp         0.9       0.95      0.001     0.5       2       
     dist           0.0091  
     includemargin  0       
     pos            1.3       0.12      0.48    
     frame          0.25      0.27      0.93     -0.069     0.96     -0.26     -0.97      0         0.26    
     friction       1         1         0.005     0.0001    0.0001  
     mu             0       
  2:
     dim           3
     geoms         32 : 27
     exclude       1
     efc_address   -1
     solref         0.02      1       
     solimp         0.9       0.95      0.001     0.5       2       
     dist           0.0082  
     includemargin  0       
     pos            1.3       0.14      0.48    
     frame         -0.22     -0.21      0.95     -0.046     0.98      0.2      -0.97      0        -0.22    
     friction       1         1         0.005     0.0001    0.0001  
     mu             0       
  3:
     dim           3
     geoms         33 : 27
     exclude       1
     efc_address   -1
     solref         0.02      1       
     solimp         0.9       0.95      0.001     0.5       2       
     dist           0.0082  
     includemargin  0       
     pos            1.3       0.14      0.48    
     frame          0.26     -0.21      0.94      0.054     0.98      0.2      -0.97     -6.9e-18   0.26    
     friction       1         1         0.005     0.0001    0.0001  
     mu             0       

ACTUATOR_VELOCITY
   8.8e-13 
   7.9e-12 
   7.2e-12 
   1.8e-12 
  -5.4e-14 
  -7.8e-16 
   3.4e-15 

CVEL
   0         0         0         0         0         0       
   0         0         0         0         0         0       
   0         0         8.8e-13  -6.4e-14   7e-14     0       
   2.9e-17   7.9e-12   8.8e-13   1.1e-12   7e-14    -6.3e-13 
   5.5e-17   1.5e-11   8.8e-13  -8.4e-13   7e-14    -1.2e-12 
   6.2e-17   1.7e-11   8.8e-13  -1.3e-12   7e-14    -6e-13   
  -5.4e-14   1.7e-11   8.8e-13  -1.3e-12   5.5e-14  -6e-13   
  -5.4e-14   1.7e-11   8.8e-13  -1.3e-12   5.5e-14  -6e-13   
   3.3e-11   1.7e-11   2.6e-13  -1.4e-12   5e-12    -2.5e-12 
   0         0         0         0         0         0       
   0         0         0         0         0         0       
   0         0         0         0         0         0       
   0         0         0         0         0         0       
   0         0         0         0         0         0       
   0         0         0         0         0         0       
   0         0         0         0         0         0       
   0         0         0         0         0         0       

CDOF_DOT
   0         0         0         0         0         0       
  -8.8e-13   3.2e-18   0         4.9e-19   1.3e-13  -6.4e-14 
  -8.8e-13   3.2e-18   6.2e-33   2.8e-14  -2.4e-13   3.3e-12 
  -8.8e-13   3.2e-18   1.2e-32   5.9e-12  -2.3e-13   3.2e-12 
  -3.2e-13   8.8e-13  -1.7e-11  -1.3e-12  -6.3e-13  -5e-14   
  -1.7e-11  -7.1e-14   3.2e-13  -4e-13    -1.4e-12   1e-12   
  -3.2e-13   8.8e-13  -1.7e-11  -1.1e-12  -6.3e-13  -4.4e-14 

QFRC_BIAS
   4.8e-23 
  -16      
  -16      
  -1.4     
  -0.0011  
   2.1e-05 
  -6.9e-18 

QFRC_SPRING
   0       
   0       
   0       
   0       
   0       
   0       
   0       

QFRC_DAMPER
   0       
   0       
   0       
   0       
   0       
   0       
  -3.3e-13 

QFRC_GRAVCOMP
   0       
   0       
   0       
   0       
   0       
   0       
   0       

QFRC_FLUID
   0       
   0       
   0       
   0       
   0       
   0       
   0       

QFRC_PASSIVE
   0       
   0       
   0       
   0       
   0       
   0       
  -3.3e-13 

SUBTREE_LINVEL
   0         0         0       
   0         0         0       
   0         0         0       
   0         0         0       
   0         0         0       
   0         0         0       
   0         0         0       
   0         0         0       
   0         0         0       
   0         0         0       
   0         0         0       
   0         0         0       
   0         0         0       
   0         0         0       
   0         0         0       
   0         0         0       
   0         0         0       

SUBTREE_ANGMOM
   0         0         0       
   0         0         0       
   0         0         0       
   0         0         0       
   0         0         0       
   0         0         0       
   0         0         0       
   0         0         0       
   0         0         0       
   0         0         0       
   0         0         0       
   0         0         0       
   0         0         0       
   0         0         0       
   0         0         0       
   0         0         0       
   0         0         0       

ACTUATOR_FORCE
   8.2e-12 
  -16      
  -16      
  -1.4     
  -0.0011  
   2.1e-05 
   0       

QFRC_ACTUATOR
   8.2e-12 
  -16      
  -16      
  -1.4     
  -0.0011  
   2.1e-05 
   0       

QFRC_SMOOTH
   8.2e-12 
  -1.4e-10 
  -8.5e-11 
  -8.8e-12 
  -2.9e-14 
   2.5e-15 
  -3.3e-13 

QACC_SMOOTH
  -9.7e-12 
  -4.6e-11 
  -7.2e-11 
   3.3e-13 
   7.6e-13 
   4.5e-15 
  -3.3e-12 

QFRC_CONSTRAINT
   0       
   0       
   0       
   0       
   0       
   0       
   0       

QFRC_INVERSE
   0       
   0       
   0       
   0       
   0       
   0       
   0       

CACC
   0         0         0         0         0         0       
   0         0         0         0         0         0       
   0         0         0         0         0         0       
   0         0         0         0         0         0       
   0         0         0         0         0         0       
   0         0         0         0         0         0       
   0         0         0         0         0         0       
   0         0         0         0         0         0       
   0         0         0         0         0         0       
   0         0         0         0         0         0       
   0         0         0         0         0         0       
   0         0         0         0         0         0       
   0         0         0         0         0         0       
   0         0         0         0         0         0       
   0         0         0         0         0         0       
   0         0         0         0         0         0       
   0         0         0         0         0         0       

CFRC_INT
   0         0         0         0         0         0       
   0         0         0         0         0         0       
   0         0         0         0         0         0       
   0         0         0         0         0         0       
   0         0         0         0         0         0       
   0         0         0         0         0         0       
   0         0         0         0         0         0       
   0         0         0         0         0         0       
   0         0         0         0         0         0       
   0         0         0         0         0         0       
   0         0         0         0         0         0       
   0         0         0         0         0         0       
   0         0         0         0         0         0       
   0         0         0         0         0         0       
   0         0         0         0         0         0       
   0         0         0         0         0         0       
   0         0         0         0         0         0       

CFRC_EXT
   0         0         0         0         0         0       
   0         0         0         0         0         0       
   0         0         0         0         0         0       
   0         0         0         0         0         0       
   0         0         0         0         0         0       
   0         0         0         0         0         0       
   0         0         0         0         0         0       
   0         0         0         0         0         0       
   0         0         0         0         0         0       
   0         0         0         0         0         0       
   0         0         0         0         0         0       
   0         0         0         0         0         0       
   0         0         0         0         0         0       
   0         0         0         0         0         0       
   0         0         0         0         0         0       
   0         0         0         0         0         0       
   0         0         0         0         0         0       

