-0.754 -0.880 1.950 3.770 -1.320 0.000 0.000
-0.962 -0.850 1.857 3.456 -1.330 0.000 0.000
-1.170 -0.820 1.765 3.142 -1.340 0.000 0.000
-1.379 -0.791 1.672 2.827 -1.350 0.000 0.000
-1.587 -0.761 1.579 2.513 -1.360 0.000 0.000
-1.795 -0.731 1.487 2.199 -1.370 0.000 0.000
-2.003 -0.701 1.394 1.885 -1.380 0.000 0.000
-2.211 -0.671 1.301 1.571 -1.390 0.000 0.000
-2.420 -0.642 1.209 1.256 -1.400 0.000 0.000
-2.628 -0.612 1.116 0.942 -1.410 0.000 0.000
-2.836 -0.582 1.023 0.628 -1.420 0.000 0.000
-3.044 -0.552 0.930 0.314 -1.430 0.000 0.000
-3.253 -0.523 0.838 -0.001 -1.440 0.000 0.000
-3.461 -0.493 0.745 -0.315 -1.450 0.000 0.000
-3.669 -0.463 0.652 -0.629 -1.460 0.000 0.000
-3.877 -0.433 0.560 -0.943 -1.470 0.000 0.000
-4.085 -0.403 0.467 -1.257 -1.480 0.000 0.000
-4.294 -0.374 0.374 -1.572 -1.490 0.000 0.000
-4.502 -0.344 0.282 -1.886 -1.500 0.000 0.000
-4.710 -0.314 0.189 -2.200 -1.510 0.000 0.000